(185.0411, 457.8824)
(198.3921, 464.6812)
(195.8296, 456.6559)
(216.8989, 455.126)
(213.3513, 468.0186)
(241.4387, 467.413)
(259.0682, 473.7961)
(221.5852, 442.8863)
(220.3846, 445.7332)
(223.1549, 439.8027)
(217.4682, 434.3839)
(200.7237, 426.3461)
(200.5698, 422.6481)
(240.1457, 447.0177)
(241.5308, 456.4574)
(186.8032, 449.9557)
(193.0671, 450.2405)
(172.8596, 425.6006)
(166.4495, 421.4053)
(159.6932, 407.1915)
(177.1689, 473.4482)
(156.1843, 478.0915)
(164.6875, 468.4602)
(167.9271, 467.5436)
(189.2424, 494.4211)
(183.4559, 511.9622)
(211.3891, 494.3396)
(210.8965, 483.1418)
(161.3631, 498.9566)
(127.0198, 483.6251)
(127.3815, 493.527)
(125.7346, 507.8907)
(133.9839, 511.9807)
(113.3918, 489.8273)
(98.217, 495.9809)
(99.4867, 490.3135)
(134.1915, 456.1702)
(132.2601, 445.9272)
(115.0229, 449.7703)
(106.9355, 452.7337)
(103.7113, 456.3941)
(113.2301, 431.7782)
(103.5264, 469.035)
(95.5851, 462.381)
(95.7545, 457.5137)
(98.8173, 465.3137)
(131.1445, 469.3505)
(129.89, 468.0923)
(123.5109, 461.1183)
(50.2608, 484.2443)
(46.3979, 472.4286)
(41.4347, 480.3523)
(29.4301, 496.913)
(36.8099, 461.7386)
(34.5242, 446.4227)
(25.852, 446.4436)
(20.8193, 442.4575)
(49.0066, 458.3525)
(31.2387, 475.1187)
(57.248, 521.695)
(64.4429, 518.6061)
(70.9991, 523.6989)
(66.236, 523.4625)
(66.0281, 516.1283)
(60.0107, 500.4088)
(78.3867, 537.3053)
(84.0734, 526.3284)
(72.6998, 546.7787)
(71.2302, 546.4942)
(73.0537, 551.0936)
(73.0, 551.065)
(75.2392, 544.2772)
(57.7945, 558.2706)
(57.0941, 568.736)
(70.8378, 560.6447)
(70.0681, 562.2153)
(68.3061, 564.0714)
(66.9594, 566.009)
(66.9362, 565.9988)
(64.3815, 577.2832)
(91.3605, 560.6239)
(83.0884, 560.4655)
(79.6332, 555.686)
(81.7108, 555.2674)
(78.6867, 566.3613)
(97.5165, 550.7033)
(94.0231, 544.9736)
(97.4628, 555.6997)
(103.3726, 561.0241)
(94.5772, 565.5134)
(86.2741, 569.0346)
(94.9079, 565.6657)
(67.5364, 481.785)
(80.3334, 469.8223)
(78.5636, 446.8154)
(74.893, 454.6214)
(78.8713, 433.6867)
(61.1034, 452.6183)
(92.8381, 447.7472)
(98.1168, 445.3539)
(91.2606, 424.4556)
(86.8511, 414.2334)
(83.958, 397.1226)
(82.3572, 401.13)
(67.0748, 402.6575)
(53.4775, 422.3532)
(47.883, 419.1159)
(50.2224, 363.5264)
(64.343, 347.5914)
(44.6588, 374.5512)
(56.848, 374.9805)
(10.0, 348.5178)
(76.4782, 318.8415)
(83.1961, 312.4837)
(62.3808, 304.8234)
(58.2484, 315.9074)
(102.1338, 339.9177)
(90.1677, 337.1314)
(119.2401, 342.3762)
(32.5543, 253.1443)
(40.6728, 274.8569)
(61.1418, 223.9082)
(78.7481, 240.4067)
(86.0278, 258.795)
(69.568, 209.44)
(44.1048, 230.5339)
(73.0692, 322.5307)
(35.4478, 404.1474)
(21.8275, 398.3207)
(35.1323, 412.6821)
(38.5258, 394.2644)
(144.5569, 576.4812)
(148.7585, 568.9569)
(160.5628, 563.3918)
(134.2225, 575.9787)
(128.4127, 588.1169)
(129.5208, 588.7557)
(121.9871, 586.2939)
(122.7952, 594.538)
(116.6082, 597.0088)
(167.1652, 578.0288)
(157.831, 596.0022)
(157.9464, 615.2562)
(130.8442, 553.4028)
(133.7991, 550.3993)
(155.4841, 547.7407)
(106.9125, 578.0427)
(103.0726, 573.9356)
(109.9058, 566.6506)
(100.033, 583.8346)
(80.0334, 602.3431)
(88.1671, 607.8943)
(86.7512, 597.7461)
(94.8619, 599.7414)
(104.3885, 605.1425)
(71.0069, 591.0435)
(224.894, 557.7644)
(229.788, 537.7517)
(209.4884, 551.3121)
(202.6936, 543.3515)
(206.7488, 539.012)
(238.3991, 566.2537)
(240.5074, 566.4452)
(227.4874, 583.2768)
(248.826, 592.5763)
(248.6873, 560.6562)
(249.126, 562.1637)
(246.5558, 560.7308)
(270.7031, 570.3399)
(290.7797, 576.338)
(276.4515, 596.1745)
(292.2647, 594.7234)
(199.5232, 530.9622)
(193.5595, 527.8311)
(191.0662, 538.7652)
(186.9725, 560.6763)
(191.2126, 565.4827)
(180.9241, 569.4703)
(196.1374, 551.556)
(197.6534, 561.759)
(133.6992, 636.5363)
(125.6501, 646.7032)
(126.0348, 652.1989)
(117.6086, 634.2963)
(112.6838, 614.7259)
(183.7329, 646.1259)
(191.8973, 653.9719)
(204.956, 660.1472)
(183.7096, 642.4778)
(208.3111, 625.807)
(194.0211, 619.8879)
(185.8412, 599.3449)
(179.8238, 664.2727)
(159.3315, 664.9953)
(213.3668, 711.2914)
(209.1729, 699.1709)
(192.6899, 695.8089)
(329.9402, 740.9576)
(286.4552, 733.3871)
(319.6672, 692.336)
(345.5613, 698.6083)
(361.0361, 687.8982)
(368.3158, 686.277)
(336.9505, 660.7328)
(345.6305, 664.5481)
(356.1498, 648.3461)
(365.8225, 619.1862)
(360.7746, 625.0783)
(353.3411, 622.3911)
(379.0197, 615.8341)
(397.588, 620.4212)
(386.5763, 640.0222)
(290.8182, 668.8566)
(274.9584, 665.0105)
(247.5485, 679.3865)
(257.0751, 704.2565)
(253.0506, 706.9359)
(306.9394, 660.826)
(305.1696, 659.2592)
(304.3001, 668.4596)
(298.8982, 664.8198)
(316.7893, 658.7161)
(397.8035, 741.5862)
(375.9571, 748.1034)
(399.435, 758.0)
(427.7374, 743.2139)
(417.9416, 727.8882)
(448.8377, 729.9198)
(465.3129, 736.6259)
(458.672, 750.8983)
(448.122, 684.0367)
(451.6077, 668.9527)
(430.2232, 666.9219)
(431.4235, 694.8445)
(404.6138, 695.1346)
(404.8139, 700.5883)
(480.0184, 749.7338)
(489.7757, 748.1665)
(525.6196, 722.3169)
(525.8042, 706.4481)
(512.8302, 690.2328)
(518.0475, 733.3024)
(502.9958, 722.076)
(471.469, 664.1402)
(484.8814, 691.3609)
(496.2625, 638.8749)
(487.9135, 623.3661)
(247.5023, 299.4322)
(254.982, 302.2548)
(265.3319, 286.542)
(298.8057, 280.6406)
(287.563, 282.6214)
(295.5431, 297.0343)
(304.431, 297.443)
(295.1966, 288.5034)
(286.8783, 293.2013)
(330.9022, 306.7233)
(327.5856, 301.1836)
(348.17, 290.7175)
(334.434, 288.2611)
(324.3612, 280.686)
(289.21, 323.7387)
(296.6125, 338.2878)
(298.3516, 321.5217)
(152.4446, 245.4784)
(150.6745, 255.0328)
(161.9786, 239.1709)
(182.971, 218.2493)
(197.8995, 221.9407)
(179.3774, 227.0009)
(184.6409, 232.2759)
(180.5395, 246.0341)
(208.0955, 261.616)
(205.5948, 265.0987)
(205.3947, 274.6368)
(186.1107, 286.8113)
(207.8647, 312.4599)
(168.8736, 227.415)
(167.5424, 233.5027)
(151.0669, 181.8899)
(149.4972, 206.8196)
(126.1195, 201.6972)
(111.6911, 227.0295)
(161.7094, 178.8864)
(157.2847, 149.638)
(164.7796, 151.181)
(129.9979, 127.4707)
(106.0966, 139.0695)
(208.5574, 146.2191)
(206.6027, 134.2393)
(213.1667, 162.0895)
(203.4323, 165.4953)
(230.5347, 194.4838)
(244.7627, 122.5505)
(247.6484, 153.7749)
(263.1619, 151.6651)
(237.0447, 145.2095)
(245.8479, 139.0933)
(226.7947, 142.4892)
(210.335, 103.3873)
(197.3302, 115.3117)
(200.7237, 116.5689)
(248.5257, 92.5295)
(251.0881, 78.2149)
(231.1887, 36.9921)
(206.9722, 50.7981)
(183.2173, 62.5216)
(101.6412, 187.1894)
(132.9605, 259.5106)
(145.2186, 267.963)
(164.2873, 323.1609)
(175.476, 330.6182)
(188.4883, 329.9479)
(155.2915, 308.7133)
(162.9176, 347.8021)
(140.8249, 333.6054)
(149.2357, 329.2077)
(145.665, 320.9246)
(123.1954, 370.6589)
(113.5841, 370.0434)
(126.5582, 364.1334)
(107.3511, 383.8977)
(104.3268, 361.5271)
(92.3687, 360.5521)
(137.4774, 401.5232)
(138.3854, 403.3032)
(141.656, 403.1923)
(139.3703, 396.5285)
(131.9523, 248.7798)
(109.3518, 274.6293)
(109.0518, 276.483)
(107.0664, 290.1201)
(112.5759, 302.1362)
(103.7728, 314.5877)
(124.8728, 282.7123)
(130.9211, 297.9137)
(324.6921, 247.4622)
(326.8314, 251.5361)
(319.0902, 239.3125)
(321.9064, 258.558)
(328.8628, 265.7305)
(336.2116, 236.7199)
(345.3073, 242.3013)
(336.9813, 222.4347)
(339.7822, 207.5901)
(326.5774, 212.2787)
(342.3524, 185.6598)
(346.9003, 166.3942)
(339.9361, 161.7409)
(353.141, 188.3291)
(365.8995, 174.6642)
(355.4649, 144.0213)
(338.5665, 114.5691)
(309.1172, 150.6069)
(282.0457, 149.4796)
(290.6643, 161.72)
(373.9947, 214.4057)
(366.7306, 232.4875)
(399.5581, 225.6204)
(367.7155, 204.0064)
(284.0848, 192.1506)
(264.2393, 228.3607)
(275.9821, 211.5091)
(282.7537, 219.9193)
(234.6669, 230.847)
(287.3784, 249.6301)
(278.3445, 247.0623)
(288.3097, 264.3617)
(305.616, 49.3467)
(299.7752, 50.4094)
(271.0955, 19.7104)
(316.6047, 39.7448)
(310.7948, 41.1967)
(314.673, 33.1861)
(329.4708, 12.2801)
(343.3681, 10.0654)
(357.3426, 10.0)
(301.7299, 78.4051)
(285.7702, 98.5848)
(279.6756, 110.0573)
(298.9981, 64.8484)
(306.4546, 63.2726)
(287.2323, 70.3967)
(701.3532, 369.7156)
(715.2967, 367.5702)
(716.5816, 375.0245)
(696.2205, 317.1526)
(697.7288, 315.017)
(708.3096, 327.0123)
(695.7741, 338.0963)
(692.2497, 345.9423)
(692.4731, 343.9016)
(715.5197, 337.8185)
(717.7282, 339.9185)
(702.846, 309.0571)
(720.7525, 305.8113)
(721.2374, 315.5056)
(733.7725, 305.8621)
(682.9465, 305.0387)
(682.4384, 311.5573)
(676.2746, 319.06)
(664.6397, 293.1923)
(645.7249, 320.9746)
(641.7851, 307.7767)
(633.482, 301.8293)
(641.362, 290.2187)
(687.9175, 274.4792)
(709.3715, 283.8017)
(676.0131, 277.1517)
(672.635, 345.7898)
(666.0711, 362.145)
(676.1824, 237.0209)
(684.8857, 234.4783)
(675.0895, 243.1161)
(678.9065, 252.1717)
(669.3492, 260.4293)
(674.0894, 258.7773)
(720.7603, 226.2391)
(715.8278, 242.0542)
(713.7806, 216.7811)
(734.8577, 240.5544)
(754.6265, 321.4309)
(763.5221, 319.9819)
(740.4829, 285.3046)
(757.9583, 292.3895)
(757.4815, 301.6038)
(743.3069, 269.0017)
(724.8617, 263.6174)
(745.7077, 331.764)
(756.6963, 346.2824)
(759.2281, 351.5288)
(736.6967, 354.4246)
(730.2174, 348.1537)
(760.2747, 388.5879)
(763.1989, 384.1199)
(762.3061, 375.6093)
(764.9842, 372.9753)
(742.3452, 407.8281)
(738.1513, 397.7303)
(740.8446, 391.499)
(727.7089, 394.3299)
(751.1099, 408.8598)
(759.1049, 438.814)
(760.5517, 424.1331)
(700.8069, 390.537)
(690.8878, 396.6292)
(696.5205, 406.0166)
(696.3589, 400.1835)
(714.2655, 442.5385)
(705.5623, 449.4177)
(563.2718, 442.3282)
(550.6133, 426.153)
(614.9137, 483.6149)
(620.5467, 483.6464)
(610.3429, 488.4443)
(600.9085, 478.8117)
(617.2376, 443.2747)
(651.0886, 416.3873)
(658.3143, 398.4591)
(664.2703, 399.057)
(673.4658, 384.0732)
(654.5898, 390.985)
(674.2662, 425.1996)
(671.5422, 425.9922)
(687.1326, 419.1344)
(684.9241, 446.6437)
(680.2377, 454.4827)
(670.9574, 454.4119)
(660.5767, 462.2432)
(649.003, 420.6996)
(647.3179, 431.292)
(632.2356, 434.8931)
(599.4312, 455.3677)
(580.4395, 457.5201)
(577.1229, 459.3768)
(632.3817, 484.0629)
(638.784, 475.8413)
(625.2022, 470.6018)
(632.0584, 471.6552)
(576.7227, 494.5173)
(552.6986, 517.9745)
(535.9233, 525.6365)
(574.168, 482.2591)
(604.0945, 525.5432)
(593.0366, 536.7691)
(593.0366, 508.7271)
(631.7277, 519.2063)
(622.986, 512.5393)
(634.5055, 516.5469)
(672.8581, 548.3124)
(686.2705, 518.9993)
(685.6088, 498.2581)
(722.4684, 549.2281)
(700.976, 544.8472)
(712.3648, 569.2694)
(658.4375, 556.9309)
(637.0372, 551.1072)
(621.6238, 546.7218)
(641.0002, 542.6134)
(663.8623, 591.8561)
(665.0167, 612.0604)
(653.7587, 605.4542)
(638.3069, 622.211)
(638.7226, 615.7633)
(627.326, 600.5054)
(630.8734, 621.3992)
(740.9216, 485.0553)
(759.4744, 477.589)
(748.401, 462.4281)
(733.1416, 509.9039)
(510.4833, 421.8576)
(527.4124, 404.6437)
(531.2139, 390.1838)
(524.6192, 367.6557)
(522.4799, 375.3622)
(506.7356, 377.1205)
(529.9441, 367.1016)
(540.1557, 376.805)
(543.7878, 380.3057)
(488.9599, 423.2681)
(493.831, 408.8491)
(490.6683, 406.6713)
(494.716, 441.5973)
(493.477, 435.1971)
(501.1953, 441.6118)
(481.9573, 449.4463)
(497.54, 460.2009)
(496.3472, 473.0256)
(484.1735, 467.379)
(482.8423, 460.117)
(515.9929, 450.5351)
(517.7627, 463.4445)
(480.703, 391.7012)
(469.6759, 397.3788)
(483.6504, 390.9911)
(481.2726, 387.5666)
(483.7811, 392.2638)
(491.4147, 391.0264)
(488.5907, 392.7879)
(500.341, 393.4328)
(501.7801, 395.0578)
(477.6635, 368.7475)
(489.6756, 368.5851)
(505.4122, 360.6923)
(480.1645, 339.7123)
(488.8677, 341.0295)
(464.1893, 351.7305)
(447.9682, 340.4255)
(441.5348, 343.195)
(480.5337, 325.6547)
(476.4015, 326.5958)
(427.322, 337.613)
(429.9384, 331.613)
(422.1432, 328.0165)
(426.1063, 351.5451)
(428.2223, 352.7208)
(392.3015, 330.155)
(391.4242, 322.189)
(390.6393, 321.0192)
(378.5735, 317.5586)
(366.1997, 313.2494)
(358.6353, 318.4792)
(358.1582, 325.297)
(404.3135, 333.1437)
(404.2983, 310.7617)
(386.4764, 303.5606)
(373.6023, 300.8841)
(370.9399, 301.7061)
(386.1377, 290.3157)
(402.459, 287.8694)
(393.9407, 267.0125)
(390.393, 269.4427)
(387.9152, 277.3948)
(419.2113, 271.3635)
(432.9163, 272.9193)
(415.1328, 254.4111)
(432.2468, 237.4965)
(478.1561, 241.0722)
(477.6557, 253.6776)
(483.912, 233.0432)
(481.0955, 223.772)
(475.8167, 217.2112)
(495.2316, 311.9967)
(518.6477, 328.5043)
(510.1908, 320.346)
(510.2293, 305.3697)
(463.4122, 314.7862)
(453.5162, 307.0842)
(473.1848, 303.0704)
(458.9336, 283.6147)
(460.8343, 284.5104)
(463.3043, 288.3319)
(577.8771, 412.2602)
(589.1967, 418.3417)
(587.2035, 421.2459)
(573.5603, 425.1619)
(580.2242, 434.1598)
(583.1713, 441.6772)
(580.1088, 428.07)
(578.9237, 402.4414)
(585.5646, 394.647)
(600.316, 397.2441)
(619.5155, 395.2187)
(610.3659, 393.4796)
(613.8441, 413.861)
(597.2842, 380.654)
(604.41, 377.3468)
(561.9791, 400.3267)
(562.5561, 402.1505)
(568.2506, 399.5902)
(558.3623, 195.0386)
(555.2303, 193.3888)
(558.947, 210.1763)
(556.5692, 226.3307)
(572.929, 205.5948)
(528.7823, 231.8213)
(510.1678, 253.1291)
(525.6811, 250.2603)
(519.5558, 258.6841)
(528.7514, 265.3581)
(511.8837, 213.249)
(546.581, 184.3091)
(545.0113, 179.0087)
(588.5964, 215.9292)
(590.4047, 222.3038)
(584.9644, 211.3576)
(594.1984, 213.242)
(592.8595, 190.8923)
(596.6147, 236.059)
(633.9824, 208.4089)
(639.415, 191.3825)
(625.3406, 166.0926)
(629.2729, 164.4257)
(638.53, 164.7997)
(573.2371, 253.182)
(566.419, 250.9527)
(558.5701, 251.7239)
(605.0872, 272.2322)
(608.3498, 271.5772)
(606.1028, 257.7584)
(597.7845, 254.5663)
(591.7746, 266.0775)
(616.753, 291.4353)
(620.3541, 300.2646)
(612.7977, 287.0584)
(607.6651, 291.2237)
(629.0574, 281.2694)
(631.6967, 249.1882)
(625.7023, 245.5871)
(670.0723, 141.796)
(661.9849, 120.9669)
(674.574, 152.8554)
(681.8921, 153.7472)
(676.8134, 180.8018)
(685.9166, 196.3444)
(694.9431, 205.5109)
(699.8988, 207.8278)
(703.9463, 190.1058)
(667.2713, 204.3149)
(655.3594, 216.0123)
(567.1732, 295.8439)
(560.5478, 276.1504)
(560.54, 304.5808)
(565.1878, 314.3668)
(566.4575, 319.3763)
(564.6954, 309.1703)
(567.3118, 330.8997)
(562.9408, 328.515)
(550.0055, 317.1718)
(545.6423, 318.5984)
(540.1942, 332.7243)
(533.807, 340.6371)
(530.5367, 338.0787)
(529.1748, 331.7471)
(531.2523, 302.117)
(530.0288, 303.9907)
(519.6867, 287.9726)
(522.3415, 285.2207)
(571.3441, 346.0016)
(571.9826, 342.4264)
(569.0509, 361.4085)
(568.4814, 364.0028)
(572.6135, 363.5871)
(553.1527, 351.3295)
(571.144, 368.6275)
(573.4831, 368.5351)
(574.8992, 371.8455)
(568.3275, 379.3838)
(570.8822, 385.2943)
(558.8779, 373.2814)
(582.7944, 339.1975)
(594.4754, 340.2439)
(632.1354, 355.7358)
(634.6286, 376.3319)
(641.1696, 371.8779)
(625.0868, 356.2751)
(622.2858, 352.3823)
(616.9528, 360.2296)
(602.4168, 358.4376)
(615.7678, 365.0516)
(564.5108, 182.0793)
(560.7708, 142.7339)
(551.8368, 134.5049)
(544.6573, 120.1056)
(561.5712, 146.5685)
(573.337, 149.1024)
(568.312, 152.3936)
(569.551, 163.3793)
(594.5217, 106.3998)
(583.6484, 124.8744)
(611.5202, 95.1149)
(618.338, 114.062)
(606.7338, 67.6366)
(596.4609, 64.3892)
(597.9769, 76.4651)
(592.6287, 58.9948)
(495.4624, 122.1126)
(491.6225, 105.6473)
(480.2492, 124.8805)
(517.9168, 157.617)
(529.6287, 151.7727)
(514.6772, 174.7756)
(515.6467, 193.0209)
(523.5725, 98.564)
(519.0864, 70.8407)
(511.83, 39.3884)
(512.0146, 50.6773)
(508.3825, 104.9287)
(528.5205, 106.5954)
(545.1267, 93.983)
(571.4362, 56.5002)
(570.5974, 61.5428)
(572.7292, 76.365)
(451.1154, 70.2183)
(460.942, 78.7813)
(476.994, 88.4465)
(459.6492, 99.9684)
(472.6385, 109.7757)
(433.4011, 114.9014)
(486.305, 65.7981)
(457.7792, 26.5084)
(473.3312, 26.4138)
(477.6867, 41.1844)
(412.0781, 67.3903)
(420.812, 71.8665)
(411.6624, 43.827)
(424.5518, 11.6237)
(381.9745, 35.3585)
(388.554, 149.5127)
(396.0952, 150.0943)
(386.8149, 168.3719)
(400.5506, 172.3879)
(394.6101, 122.1933)
(390.8779, 113.2317)
(376.9498, 107.1609)
(372.9021, 105.6697)
(367.3848, 94.4716)
(362.2134, 88.0746)
(347.485, 80.5265)
(375.9032, 79.49)
(394.6638, 92.2039)
(438.4953, 171.3668)
(432.8086, 175.806)
(423.2051, 157.6579)
(425.6369, 156.3104)
(415.8333, 152.8776)
(468.0447, 155.8565)
(487.8595, 148.0458)
(454.8936, 153.0093)
(452.5852, 132.645)
(480.703, 181.8899)
(470.0761, 185.2118)
(430.6386, 201.3817)
(447.1293, 218.1647)
(535.9311, 478.4692)
(525.1655, 477.6082)
(522.8184, 478.0145)
(552.4755, 474.9488)
(550.4594, 476.8078)
(546.1116, 482.8485)
(509.4599, 485.2202)
(520.6716, 488.6174)
(526.6893, 500.6658)
(530.9753, 495.6633)
(497.2245, 494.2488)
(495.6855, 499.9002)
(538.0856, 457.6155)
(536.7929, 446.0311)
(536.3542, 464.644)
(495.6932, 511.846)
(489.6678, 507.3537)
(475.4935, 491.5878)
(462.1732, 486.3889)
(479.8875, 492.1466)
(477.979, 493.5315)
(501.0874, 526.9708)
(565.8265, 587.5922)
(592.1823, 594.4501)
(589.3736, 605.0618)
(570.4975, 611.8443)
(543.1797, 612.3799)
(526.8661, 600.8893)
(562.71, 582.6565)
(554.7532, 582.348)
(550.9595, 566.8392)
(582.4019, 553.1858)
(532.7529, 564.5923)
(526.0196, 554.2445)
(606.3259, 647.5396)
(589.1275, 630.7494)
(605.241, 656.7499)
(622.6088, 661.734)
(637.4758, 658.2812)
(607.7265, 666.0003)
(584.2025, 676.4808)
(589.8817, 680.2847)
(576.5614, 698.7707)
(561.1096, 713.0575)
(594.9296, 697.1323)
(535.9233, 659.3615)
(558.0775, 669.5629)
(564.5645, 656.9123)
(383.8523, 458.4757)
(385.5836, 451.9726)
(377.981, 464.4471)
(386.0837, 472.3538)
(367.9463, 450.3612)
(370.6629, 451.3977)
(364.6914, 454.3088)
(365.0377, 456.3818)
(344.1685, 456.0957)
(345.8461, 467.2612)
(346.7849, 446.0495)
(332.0255, 445.6026)
(393.8252, 411.4471)
(382.0824, 408.6298)
(387.2688, 411.7564)
(381.2976, 392.4561)
(404.96, 407.7295)
(408.446, 404.7591)
(402.3591, 398.5638)
(417.2259, 374.2942)
(393.1558, 366.1482)
(394.1175, 371.0505)
(384.5217, 369.18)
(415.5485, 414.4834)
(412.9166, 417.7238)
(400.6045, 424.3941)
(425.1598, 433.7129)
(409.9617, 441.8281)
(404.7292, 453.0214)
(440.3653, 438.8209)
(445.5134, 434.6933)
(441.6812, 425.9123)
(434.5555, 407.6448)
(429.3844, 413.043)
(426.9373, 409.0885)
(454.9398, 420.1001)
(456.5942, 419.1127)
(469.1988, 421.6992)
(465.7901, 420.8128)
(465.5745, 426.7471)
(432.2393, 403.8826)
(441.989, 397.1295)
(429.2767, 387.0019)
(446.1366, 489.4595)
(449.9303, 506.9049)
(458.7874, 467.9785)
(448.1605, 453.4769)
(420.2425, 463.9185)
(434.8709, 470.0307)
(430.8849, 472.0006)
(408.2996, 500.0164)
(427.9068, 498.1448)
(435.1325, 507.7082)
(421.1198, 482.2535)
(410.1618, 483.6387)
(403.1592, 510.431)
(398.9116, 507.9554)
(385.4682, 512.8932)
(369.5241, 542.3273)
(364.8221, 520.0705)
(355.3957, 500.625)
(372.2249, 491.3471)
(388.1153, 494.412)
(357.0039, 533.1539)
(348.4855, 521.3886)
(334.9344, 524.7824)
(331.8716, 533.5717)
(389.2542, 543.5345)
(391.2166, 553.9638)
(379.5815, 564.8354)
(369.57, 575.3801)
(320.0596, 588.344)
(327.5394, 587.58)
(327.4547, 595.3113)
(320.7139, 619.0753)
(348.8317, 588.6063)
(342.4141, 575.7864)
(350.2323, 569.9258)
(313.6036, 566.0822)
(316.4046, 573.7834)
(307.7705, 552.0769)
(293.2652, 616.9876)
(293.7038, 623.4177)
(273.5888, 625.1183)
(245.4399, 632.8104)
(411.5162, 596.9396)
(415.0174, 592.9225)
(421.5969, 609.4587)
(419.2575, 612.8039)
(429.6999, 583.7507)
(410.8006, 573.4986)
(431.9161, 594.8933)
(440.7655, 594.7525)
(451.0229, 605.1395)
(443.5047, 626.0718)
(472.2154, 573.9917)
(480.8879, 579.4008)
(492.8383, 576.595)
(495.5778, 558.4093)
(479.1795, 542.4488)
(460.4419, 552.3556)
(444.3743, 552.8495)
(426.3371, 540.1202)
(422.7819, 535.968)
(318.6593, 411.9017)
(324.6767, 412.322)
(313.8034, 410.7089)
(297.3592, 426.9088)
(303.0381, 426.2623)
(286.6091, 415.3067)
(283.0614, 418.7873)
(299.0365, 437.4657)
(345.1919, 411.4962)
(352.8947, 420.8858)
(332.9028, 389.3966)
(353.6336, 385.9114)
(345.9231, 386.2686)
(355.3495, 379.5876)
(342.3295, 376.9958)
(363.5294, 378.725)
(359.4819, 370.1179)
(335.3036, 358.3706)
(336.1579, 360.7853)
(327.2161, 401.1925)
(240.8691, 387.6468)
(252.6042, 385.0942)
(244.9244, 396.249)
(236.6138, 382.515)
(227.7105, 388.7172)
(260.3839, 397.7659)
(293.173, 379.87)
(286.1394, 363.3031)
(287.4709, 372.3889)
(283.7309, 377.5191)
(275.0431, 375.8431)
(247.4331, 353.4442)
(232.697, 345.5229)
(253.9279, 358.2183)
(253.7508, 365.6425)
(260.9764, 333.2629)
(262.3463, 346.1253)
(214.4979, 379.2213)
(216.5602, 388.5209)
(215.8907, 405.3332)
(189.5427, 370.3511)
(164.4567, 377.0666)
(152.8985, 364.8515)
(172.6288, 384.1624)
(206.9105, 359.5564)
(290.9798, 494.7636)
(304.5771, 498.1202)
(281.6226, 524.4052)
(270.5647, 525.7105)
(262.731, 525.4687)
(261.215, 514.4493)
(258.5601, 497.2453)
(271.0264, 495.5709)
(241.2461, 502.8649)
(224.0015, 512.1455)
(234.9439, 512.2101)
(301.0449, 460.1178)
(314.3038, 475.5004)
(308.3246, 471.8299)
(311.2102, 470.2447)
(301.6684, 483.6034)
(293.4423, 478.7839)
(321.1985, 469.8792)
(328.3934, 467.0349)
(318.4514, 481.5996)
(317.8819, 514.3131)
(312.6646, 514.4031)
(310.256, 521.4749)
(300.614, 515.3819)
(320.6829, 455.4693)
(282.7692, 449.4786)
(270.4416, 420.5788)
(260.8918, 438.3499)
(264.57, 410.328)
Tour distance = 27868.7106
Number of points = 1000
